z0 (m), H (A/m), H (Oe)
-1.000000000000000056e-01,2.080387968070428997e+03,2.614292622842662439e+01
-9.900497512437811398e-02,2.245713152073123183e+03,2.822046376249160815e+01
-9.800995024875622241e-02,2.405886416780083437e+03,3.023326036931112526e+01
-9.701492537313433084e-02,2.558067579992035007e+03,3.214562526675678811e+01
-9.601990049751243927e-02,2.700153621805728108e+03,3.393113112731499115e+01
-9.502487562189054771e-02,2.830844758818853734e+03,3.557344439103392375e+01
-9.402985074626865614e-02,2.949585168532934858e+03,3.706558038640191910e+01
-9.303482587064676457e-02,3.056425738895168706e+03,3.840817859022326530e+01
-9.203980099502487300e-02,3.151858157784331070e+03,3.960741773460925685e+01
-9.104477611940298143e-02,3.236656671788191034e+03,4.067302728912869014e+01
-9.004975124378110374e-02,3.311747123315048157e+03,4.161664173261474531e+01
-8.905472636815921217e-02,3.378109351391206474e+03,4.245057408541438093e+01
-8.805970149253732060e-02,3.436710809429179335e+03,4.318698172566136861e+01
-8.706467661691542903e-02,3.488465568874667952e+03,4.383735121391038092e+01
-8.606965174129353746e-02,3.534212118070097404e+03,4.441221930542815954e+01
-8.507462686567164589e-02,3.574704085355290317e+03,4.492105637323840028e+01
-8.407960199004975432e-02,3.610609260377923874e+03,4.537225410954625460e+01
-8.308457711442786275e-02,3.642513547378068779e+03,4.577317520417695107e+01
-8.208955223880597118e-02,3.670927543737738688e+03,4.613023601306761634e+01
-8.109452736318407962e-02,3.696294243779765111e+03,4.644900336705899946e+01
-8.009950248756218805e-02,3.718996943390925935e+03,4.673429390431930841e+01
-7.910447761194029648e-02,3.739366812331756137e+03,4.699026922679571072e+01
-7.810945273631841879e-02,3.757689856408487685e+03,4.722052338944715899e+01
-7.711442786069652722e-02,3.774213151745308551e+03,4.742816124242015974e+01
-7.611940298507463565e-02,3.789150329272335966e+03,4.761586735115726299e+01
-7.512437810945274408e-02,3.802686341550386715e+03,4.778596589808377360e+01
-7.412935323383085251e-02,3.814981571571802306e+03,4.794047231532167075e+01
-7.313432835820896094e-02,3.826175354489643269e+03,4.808113754004394025e+01
-7.213930348258706937e-02,3.836388985033109748e+03,4.820948580677128348e+01
-7.114427860696517780e-02,3.845728279923336231e+03,4.832684684763865590e+01
-7.014925373134328623e-02,3.854285758550332957e+03,4.843438329558995292e+01
-6.915422885572139466e-02,3.862142498096019153e+03,4.853311399654154457e+01
-6.815920398009950310e-02,3.869369712105857161e+03,4.862393384629844917e+01
-6.716417910447761153e-02,3.876030094718934834e+03,4.870763068264782447e+01
-6.616915422885571996e-02,3.882178966603074514e+03,4.878489968560413104e+01
-6.517412935323382839e-02,3.887865253195447167e+03,4.885635567034334770e+01
-6.417910447761193682e-02,3.893132321121121549e+03,4.892254359794838336e+01
-6.318407960199004525e-02,3.898018694607188536e+03,4.898394757813447598e+01
-6.218905472636816062e-02,3.902558670262073065e+03,4.904099859479391910e+01
-6.119402985074626905e-02,3.906782845674991222e+03,4.909408114857271954e+01
-6.019900497512437748e-02,3.910718574836635071e+03,4.914353897985566988e+01
-5.920398009950248591e-02,3.914390361321901310e+03,4.918968000964632381e+01
-5.820895522388059434e-02,3.917820198448434439e+03,4.923278061412523243e+01
-5.721393034825870277e-02,3.921027864178400250e+03,4.927308933049495465e+01
-5.621890547263681814e-02,3.924031177319816379e+03,4.931083007650097016e+01
-5.522388059701492657e-02,3.926846220569550951e+03,4.934620495327258283e+01
-5.422885572139303501e-02,3.929487535090155689e+03,4.937939669044759228e+01
-5.323383084577114344e-02,3.931968290599847023e+03,4.941057078358598886e+01
-5.223880597014925187e-02,3.934300434356336154e+03,4.943987736635599362e+01
-5.124378109452736030e-02,3.936494821911921463e+03,4.946745285365101097e+01
-5.024875621890546873e-02,3.938561332093496276e+03,4.949342138647103440e+01
-4.925373134328357716e-02,3.940508968303660822e+03,4.951789610490990157e+01
-4.825870646766168559e-02,3.942345947937293204e+03,4.954098027179715302e+01
-4.726368159203980096e-02,3.944079781452381667e+03,4.956276826633135357e+01
-4.626865671641790939e-02,3.945717342417399323e+03,4.958334646432137305e+01
-4.527363184079601782e-02,3.947264929673555798e+03,4.960279401934029408e+01
-4.427860696517412625e-02,3.948728322593774010e+03,4.962118355713018758e+01
-4.328358208955223468e-02,3.950112830286889675e+03,4.963858179392030934e+01
-4.228855721393034311e-02,3.951423335481651065e+03,4.965505008788972674e+01
-4.129353233830845155e-02,3.952664333727664143e+03,4.967064493178089180e+01
-4.029850746268656692e-02,3.953839968466913888e+03,4.968541839362142554e+01
-3.930348258706467535e-02,3.954954062457768487e+03,4.969941851160973556e+01
-3.830845771144278378e-02,3.956010145971710699e+03,4.971268964844564664e+01
-3.731343283582089221e-02,3.957011482129829801e+03,4.972527280971813468e+01
-3.631840796019900064e-02,3.957961089700263528e+03,4.973720593038640203e+01
-3.532338308457710907e-02,3.958861763638035882e+03,4.974852413289114139e+01
-3.432835820895521750e-02,3.959716093614390957e+03,4.975925996000097484e+01
-3.333333333333332593e-02,3.960526480752818770e+03,4.976944358512356814e+01
-3.233830845771143436e-02,3.961295152763091664e+03,4.977910300248554165e+01
-3.134328358208954279e-02,3.962024177641977076e+03,4.978826419930070557e+01
-3.034825870646765122e-02,3.962715476089598269e+03,4.979695131179864376e+01
-2.935323383084575966e-02,3.963370832773218353e+03,4.980518676676961576e+01
-2.835820895522386809e-02,3.963991906555118021e+03,4.981299141009182563e+01
-2.736318407960199039e-02,3.964580239788049312e+03,4.982038462354158526e+01
-2.636815920398009883e-02,3.965137266770141650e+03,4.982738443104074832e+01
-2.537313432835820726e-02,3.965664321440936419e+03,4.983400759536799285e+01
-2.437810945273631569e-02,3.966162644391237336e+03,4.984026970624711339e+01
-2.338308457711442412e-02,3.966633389251579047e+03,4.984618526062697441e+01
-2.238805970149253255e-02,3.967077628517026369e+03,4.985176773587803467e+01
-2.139303482587064098e-02,3.967496358859927113e+03,4.985702965655440266e+01
-2.039800995024874941e-02,3.967890505976655732e+03,4.986198265529979778e+01
-1.940298507462685784e-02,3.968260929009568827e+03,4.986663752841548103e+01
-1.840796019900496627e-02,3.968608424581015697e+03,4.987100428655313067e+01
-1.741293532338307470e-02,3.968933730472394473e+03,4.987509220094722906e+01
-1.641791044776118313e-02,3.969237528977799684e+03,4.987890984555823337e+01
-1.542288557213929157e-02,3.969520449958697554e+03,4.988246513545878003e+01
-1.442786069651740000e-02,3.969783073623321798e+03,4.988576536176054788e+01
-1.343283582089550843e-02,3.970025933051973880e+03,4.988881722334818392e+01
-1.243781094527363074e-02,3.970249516487197070e+03,4.989162685565842281e+01
-1.144278606965173917e-02,3.970454269405728155e+03,4.989419985671705859e+01
-1.044776119402984760e-02,3.970640596387370806e+03,4.989654131062383158e+01
-9.452736318407956029e-03,3.970808862794190645e+03,4.989865580865387784e+01
-8.457711442786064460e-03,3.970959396271975493e+03,4.990054746812559472e+01
-7.462686567164172891e-03,3.971092488084500019e+03,4.990221994916750958e+01
-6.467661691542281321e-03,3.971208394289847092e+03,4.990367646950041092e+01
-5.472636815920389752e-03,3.971307336766866229e+03,4.990491981733613613e+01
-4.477611940298498183e-03,3.971389504098780890e+03,4.990595236248136501e+01
-3.482587064676606614e-03,3.971455052319900005e+03,4.990677606572106129e+01
-2.487562189054715045e-03,3.971504105530441393e+03,4.990739248654455196e+01
-1.492537313432823476e-03,3.971536756383577085e+03,4.990780278926592928e+01
-4.975124378109319068e-04,3.971553066447932906e+03,4.990800774757936864e+01
4.975124378109596623e-04,3.971553066447933361e+03,4.990800774757937575e+01
1.492537313432851231e-03,3.971536756383577085e+03,4.990780278926592928e+01
2.487562189054742801e-03,3.971504105530440938e+03,4.990739248654454485e+01
3.482587064676634370e-03,3.971455052319900460e+03,4.990677606572106839e+01
4.477611940298512061e-03,3.971389504098781345e+03,4.990595236248137212e+01
5.472636815920403630e-03,3.971307336766865774e+03,4.990491981733612903e+01
6.467661691542295199e-03,3.971208394289847092e+03,4.990367646950041092e+01
7.462686567164186768e-03,3.971092488084500928e+03,4.990221994916753090e+01
8.457711442786078337e-03,3.970959396271975493e+03,4.990054746812559472e+01
9.452736318407969907e-03,3.970808862794190645e+03,4.989865580865387784e+01
1.044776119402986148e-02,3.970640596387370351e+03,4.989654131062382447e+01
1.144278606965175304e-02,3.970454269405727700e+03,4.989419985671705149e+01
1.243781094527364461e-02,3.970249516487197070e+03,4.989162685565842281e+01
1.343283582089553618e-02,3.970025933051974334e+03,4.988881722334819102e+01
1.442786069651742775e-02,3.969783073623321798e+03,4.988576536176054788e+01
1.542288557213931932e-02,3.969520449958698009e+03,4.988246513545878713e+01
1.641791044776121089e-02,3.969237528977799684e+03,4.987890984555823337e+01
1.741293532338310246e-02,3.968933730472394927e+03,4.987509220094723617e+01
1.840796019900499403e-02,3.968608424581015697e+03,4.987100428655313067e+01
1.940298507462687172e-02,3.968260929009568372e+03,4.986663752841547392e+01
2.039800995024876329e-02,3.967890505976655732e+03,4.986198265529979778e+01
2.139303482587065486e-02,3.967496358859927113e+03,4.985702965655440266e+01
2.238805970149254643e-02,3.967077628517026824e+03,4.985176773587804178e+01
2.338308457711443800e-02,3.966633389251579047e+03,4.984618526062697441e+01
2.437810945273632957e-02,3.966162644391237791e+03,4.984026970624712050e+01
2.537313432835822113e-02,3.965664321440936419e+03,4.983400759536799285e+01
2.636815920398011270e-02,3.965137266770142105e+03,4.982738443104075543e+01
2.736318407960200427e-02,3.964580239788049767e+03,4.982038462354159236e+01
2.835820895522389584e-02,3.963991906555118021e+03,4.981299141009182563e+01
2.935323383084578741e-02,3.963370832773218353e+03,4.980518676676961576e+01
3.034825870646767898e-02,3.962715476089598724e+03,4.979695131179865086e+01
3.134328358208957055e-02,3.962024177641977076e+03,4.978826419930070557e+01
3.233830845771146212e-02,3.961295152763092119e+03,4.977910300248554876e+01
3.333333333333335369e-02,3.960526480752818316e+03,4.976944358512356104e+01
3.432835820895524526e-02,3.959716093614390502e+03,4.975925996000096774e+01
3.532338308457713683e-02,3.958861763638036336e+03,4.974852413289114850e+01
3.631840796019902839e-02,3.957961089700263074e+03,4.973720593038639493e+01
3.731343283582091996e-02,3.957011482129830256e+03,4.972527280971813468e+01
3.830845771144281153e-02,3.956010145971710699e+03,4.971268964844564664e+01
3.930348258706470310e-02,3.954954062457768941e+03,4.969941851160973556e+01
4.029850746268659467e-02,3.953839968466913433e+03,4.968541839362141843e+01
4.129353233830848624e-02,3.952664333727663688e+03,4.967064493178088469e+01
4.228855721393037781e-02,3.951423335481650611e+03,4.965505008788971963e+01
4.328358208955226938e-02,3.950112830286889221e+03,4.963858179392030223e+01
4.427860696517413319e-02,3.948728322593774010e+03,4.962118355713018758e+01
4.527363184079602476e-02,3.947264929673555343e+03,4.960279401934028698e+01
4.626865671641791633e-02,3.945717342417399323e+03,4.958334646432137305e+01
4.726368159203980790e-02,3.944079781452380757e+03,4.956276826633134647e+01
4.825870646766169947e-02,3.942345947937293204e+03,4.954098027179715302e+01
4.925373134328359104e-02,3.940508968303661277e+03,4.951789610490990867e+01
5.024875621890548261e-02,3.938561332093496276e+03,4.949342138647103440e+01
5.124378109452737418e-02,3.936494821911921917e+03,4.946745285365101807e+01
5.223880597014926574e-02,3.934300434356336154e+03,4.943987736635599362e+01
5.323383084577115731e-02,3.931968290599847023e+03,4.941057078358598886e+01
5.422885572139304888e-02,3.929487535090155689e+03,4.937939669044759228e+01
5.522388059701494045e-02,3.926846220569550951e+03,4.934620495327258283e+01
5.621890547263683202e-02,3.924031177319816379e+03,4.931083007650097016e+01
5.721393034825872359e-02,3.921027864178400250e+03,4.927308933049495465e+01
5.820895522388061516e-02,3.917820198448434439e+03,4.923278061412523243e+01
5.920398009950250673e-02,3.914390361321901310e+03,4.918968000964632381e+01
6.019900497512439830e-02,3.910718574836635071e+03,4.914353897985566988e+01
6.119402985074628987e-02,3.906782845674990767e+03,4.909408114857271244e+01
6.218905472636818144e-02,3.902558670262073065e+03,4.904099859479391910e+01
6.318407960199007301e-02,3.898018694607188536e+03,4.898394757813447598e+01
6.417910447761196457e-02,3.893132321121121549e+03,4.892254359794838336e+01
6.517412935323385614e-02,3.887865253195446712e+03,4.885635567034334059e+01
6.616915422885574771e-02,3.882178966603074514e+03,4.878489968560413104e+01
6.716417910447763928e-02,3.876030094718934834e+03,4.870763068264782447e+01
6.815920398009953085e-02,3.869369712105856706e+03,4.862393384629844917e+01
6.915422885572142242e-02,3.862142498096019153e+03,4.853311399654154457e+01
7.014925373134331399e-02,3.854285758550332957e+03,4.843438329558995292e+01
7.114427860696520556e-02,3.845728279923336231e+03,4.832684684763865590e+01
7.213930348258709713e-02,3.836388985033109293e+03,4.820948580677127637e+01
7.313432835820898870e-02,3.826175354489642814e+03,4.808113754004393314e+01
7.412935323383088027e-02,3.814981571571802306e+03,4.794047231532167075e+01
7.512437810945274408e-02,3.802686341550386715e+03,4.778596589808377360e+01
7.611940298507463565e-02,3.789150329272335966e+03,4.761586735115726299e+01
7.711442786069652722e-02,3.774213151745309005e+03,4.742816124242016684e+01
7.810945273631841879e-02,3.757689856408487231e+03,4.722052338944715189e+01
7.910447761194031036e-02,3.739366812331755682e+03,4.699026922679570362e+01
8.009950248756220192e-02,3.718996943390925935e+03,4.673429390431930841e+01
8.109452736318409349e-02,3.696294243779764656e+03,4.644900336705899235e+01
8.208955223880598506e-02,3.670927543737737324e+03,4.613023601306759502e+01
8.308457711442787663e-02,3.642513547378067869e+03,4.577317520417693686e+01
8.407960199004976820e-02,3.610609260377923420e+03,4.537225410954624039e+01
8.507462686567165977e-02,3.574704085355290317e+03,4.492105637323840028e+01
8.606965174129355134e-02,3.534212118070096494e+03,4.441221930542815244e+01
8.706467661691544291e-02,3.488465568874667042e+03,4.383735121391036671e+01
8.805970149253733448e-02,3.436710809429178880e+03,4.318698172566136151e+01
8.905472636815922605e-02,3.378109351391205564e+03,4.245057408541436672e+01
9.004975124378111762e-02,3.311747123315047247e+03,4.161664173261473820e+01
9.104477611940300918e-02,3.236656671788189215e+03,4.067302728912866172e+01
9.203980099502490075e-02,3.151858157784327886e+03,3.960741773460921422e+01
9.303482587064679232e-02,3.056425738895166432e+03,3.840817859022323688e+01
9.402985074626868389e-02,2.949585168532932130e+03,3.706558038640189068e+01
9.502487562189057546e-02,2.830844758818850096e+03,3.557344439103387401e+01
9.601990049751246703e-02,2.700153621805724015e+03,3.393113112731494141e+01
9.701492537313435860e-02,2.558067579992030915e+03,3.214562526675673837e+01
9.800995024875625017e-02,2.405886416780079344e+03,3.023326036931107197e+01
9.900497512437814174e-02,2.245713152073117726e+03,2.822046376249153710e+01
1.000000000000000333e-01,2.080387968070424449e+03,2.614292622842657110e+01
